-63372
-216080
-378154
-4706
-4712
-4776
-4704
-4716
-4708
-254494
-9860
-39438
-39404
-295158
-35986
-5042910
-392710
-316384
-86614
-4577252
-1406212
-11794
-287530
-147060
-1164348
-347660
-4480
-10450
-194360
-90684
-270756
-152756
-372528
-514274
-507416
-451596
-1138
-4444
-4780
-5488
-943294
-3171228
-14719346
-235146
-19828
-140906
-47233788
-3581874
-8416386
-84614
-2389092
-2472
-1339410
-199478
-145274
-246036
-504242
-3557292
-532966
-2089562
-16310
-18026
-16490
-19802
-3799348
-2793474
-34360
-4114
-205050
-38122
-67272
-244130
-34894
-385480
-5112858
-47080
-9136
-182970
-13552
-179214
-14230
-314316
-279658
-10267402
-166832
-225472
-752402
-698184
-347892
-406842
-4140140
-491918
-751176
-68040230
-28645520
-45735066
-182742
-3576
-5060
-98356
-33132
-553070
-175836
-12244
-12272
-26820
-12938
-34978
-810020
-75248
-595886
-573760
-1341306
-108556
-1655164
-20078
-16562
-87738
-3175152
-5964
-40900
-1880432
-463482
-2030812
-344192
-919570
-133588
-436716
-1608478
-356194
-2150788
-3086
-2782
-518866
-397670
-17058
-5652
-66658
-9686
-8892
-359332
-351804
-367284
-349112
-327470
-423854
-420202
-406922
-322828
-769684
-522760
-596530
-392204
-133842
-403784
-382568
-387422
-334714
-240838
-398320
-333346
-221652
-658280
-1487360
-8127096
-2154172
-9198594
-3182298
-2646
-173800
-423128
-3164484
-3336488
-2819632
-33576
-1065746
-83026
-75178
-369172
-27686
-1196
-1156
-1118
-4228298
-609284
-991796
-1137750
-4339396
-458652
-47836
-1954
-292000
-22488
-2236
-551894
-167846
-2092796
-11686
-58126
-150098
-205082
-214386
-1164222
-414572
-416870
-417864
-239454
-187642
-3072610
-3434
-55402
-923024
-688802
-12395646
-12420374
-10978130
-7159094
-28812
-2504
-29466
-18408
-132704
-2522
-28634
-11844
-12364
-403666
-950642
-2532
-417922
-5949766
-55726
-35568
-10839212
-182830
-41184
-1543600
-31766
-4372118
-3049674
-7115322
-6123386
-9596
-559632
-1447714
-352324
-197002
-335924
-979482
-777416
-12157490
-8650
-7370
-514568
-1833356
-3005272
-4884
-3902
-4116
-3548
-6472
-11214
-3928
-1379254
-198936
-426096
-1296188
-117602
-718808
-964818
-11424
-3567858
-10663500
-5635374
-703482
-8479848
-6780
-1185518
-64444
-289432
-19742
-13882
-72434
-68554
-84136
-150734
-5376
-180366
-27547978
-190230
-723758
-775192
-604878
-2332522
-306744
-331454
-345018
-12432766
-2501896
-170952
-1788226
-1709098
-1838414
-1222
-1309738
-12930
-13752
-16484
-782316
-4227432
-5033110
-1052704
-3362150
-3766824
-1130556
-2428930
-1253200
-5764044
-1086070
-2219376
-2118906
-2470454
-9872416
-2341862
-589988
-1942180
-1288316
-4477918
-2857084
-713762
-1056878
-3119690
-2516280
-5360844
-3442572
-8508968
-1305634
-2493332
-3210770
-2705394
-1370378
-1184784
-2357674
-3844874
-3973566
-10581362
-2580012
-7491752
-1508954
-3025262
-1548518
-2185790
-3721478
-2300500
-2355494
-4766448
-2548878
-4161290
-13156612
-4304304
-7043044
-2996998
-21094522
-2108800
-5460818
-2090546
-2420390
-2945618
-2555204
-5015736
-3217458
-3316544
-2359050
-5559418
-1775174
-1708568
-1796854
-7619226
-600382
-1145000
-12366594
-2101362
-2143312
-1634190
-2061828
-2040604
-2609496
-1023622
-3209292
-4863026
-1315482
-2346702
-11512522
-11626738
-2521160
-2059054
-1226590
-1930382
-1796250
-2514930
-1358814
-3843140
-1945210
-1866466
-3096338
-8881354
-2312456
-5217740
-2703550
-706534
-3178262
-989780
-5767512
-2488356
-797534
-6678438
-5816074
-5233910
-3771374
-793196
-1814116
-5970620
-2438426
-11652198
-1319982
-1239716
-2862664
-53040
-902858
-626470
-8209798
-6297530
-7901578
-4576768
-7974506
-4127492
-9512102
-12576
-9700
-5903818
-82598
-841828
-15218
-14854892
-2958570
-6258
-6352
-149746
-159610
-4776040
-1170952
-579770
-289006
-219056
-823202
-228870
-206282
-6966216
-13210
-13116
-277622
-11826
-84078
-1101926
-353174
-3354406
-14654
-143042
-20916
-1257004
-37486
-23424
-30126
-398066
-15994
-17938
-48044
-17630
-24932
-404618
-275388
-203416
-65784
-17240
-37118
-12826
-3100570
-38836
-12726
-3340996
-16682
-12532
-542940
-5096
-9796
-539582
-614030
-17226
-13478
-281600
-86584
-11505056
-1374886
-559146
-8732
-24906
-557624
-880458
-18130
-385264
-18346
-384606
-11268
-16724
-14676
-285058
-465684
-649530
-483538
-322742
-314794
-12860
-22094
-951340
-8362
-17246
-5812168
-338854
-1628304
-13776
-2296
-408244
-989510
-472578
-19104
-22248
-301180
-10688
-12502
-13018
-18014
-198174
-229358
-454390
-20888
-1883942
-853652
-1478504
-574148
-2547258
-1246184
-8444154
-61696
-4097030
-724898
-829900
-626932
-362544
-3997438
-282498
-153924
-1583052
-703350
-1045826
-1543958
-187350
-240280
-168242
-114514
-135540
-310016
-225152
-1487192
-1353706
-157610
-269356
-195754
-42752
-41232
-719338
-7316
-1564970
-2704626
-646548
-554860
-187708
-359212
-698
-366312
-161340
-1384652
-3841338
-9194502
-2147470
-280582
-211778
-242760
-155494
-370824
-304262
-23090
-696150
-579102
-1496018
-378460
-531584
-1021314
-224746
-701182
-30846
-600338
-1404656
-834830
-208132
-640730
-694
-678590
-240656
-22368
-417128
-760808
-453786
-309430
-5004762
-1104506
-773884
-812300
-4130326
-566250
-1008214
-209740
-551550
-3311594
-843468
-471538
-212330
-4024936
-9795036
-240988
-1304160
-3790334
-2549708
-1212632
-807730
-6068744
-598236
-2710092
-180890
-808500
-628966
-1621750
-718892
-902904
-702
-746316
-438496
-4091768
-5562150
-788874
-452592
-3813024
-463318
-830474
-3219442
-898106
-34796
-196160
-14260824
-1401886
-1313214
-5704014
-5881830
-292906
-1692784
-4129980
-102592
-749806
-21380
-2968648
-366250
-695050
-635524
-713790
-769286
-956568
-706944
-861538
-259832
-271152
-47972
-1977960
-111430
-182170
-326262
-5409596
-430458
-2113620
-2133522
-192786
-238762
-332420
-12412
-933404
-176550
-458586
-9434
-243780
-4536104
-325196
-170202
-175184
-2257576
-1076462
-568644
-167568
-501840
-826162
-232820
-31294340
-784436
-731556
-401698
-332732
-791216
-646402
-281036
-304002
-202204
-567556
-422966
-9578
-513092
-533550
-32732
-171880
-110430
-1097764
-604440
-1198326
-621478
-3323892
-716120
-457142
-25438
-365558
-449482
-775520
-158698
-597734
-717208
-46882
-544194
-624166
-312988
-1295888
-2181724
-753192
-1759542
-549986
-39312
-17548892
-553898
-19114
-606326
-454186
-121824
-4038048
-368770
-666654
-673502
-147762
-4603298
-363418
-971472
-553836
-372300
-18206
-531828
-688896
-1695324
-719458
-4524750
-696252
-1683356
-44432
-212334
-662148
-613084
-92356
-620298
-429538
-625944
-590688
-1035180
-205650
-142010
-87732
-1774908
-3444580
-2793482
-399376
-312350
-396808
-138894
-396808
-83490
-328530
-13420
-55070
-641388
-551056
-392590
-583766
-3052538
-563888
-653662
-561058
-352334
-122810
-235858
-109254
-200128
-221204
-18236
-227840
-10974
-385832
-422414
-485760
-491074
-446396
-226792
-743664
-537732
-1328290
-1045240
-1200716
-46016
-1008632
-411480
-241726
-337838
-775864
-139916
-249296
-832524
-196044
-690924
-3494274
-935592
-690716
-1689404
-34570
-538474
-767010
-5690432
-646570
-12544
-13896
-16430
-2200
-47206
-251316
-218456
-26056
-1813908
-33370
-342112
-477712
-378608
-256658
-1083924
-373694
-960748
-2634266
-506052
-291034
-1330780
-925630
-2493236
-2406958
-487522
-963330
-392416
-369964
-5578
-587564
-422134
-51142
-559478
-938730
-317284
-395086
-405506
-77054
-564402
-517992
-219944
-80394
-410162
-639106
-689500
-43938
-173254
-815814
-327762
-16159830
-495942
-645104
-465874
-793210
-2746108
-567438
-523676
-961506
-478386
-98966
-5837096
-336550
-474920
-413312
-349480
-280134
-1270710
-160922
-72734
-381256
-757838
-519156
-1876
-94586
-761364
-3911556
-375076
-673960
-183244
-443956
-634566
-448550
-151322
-155542
-4826160
-675736
-23154
-611942
-1065650
-850884
-585644
-1087726
-175298
-984878
-2117940
-1040370
-1022070
-38866
-719234
-431802
-938594
-49394
-312222
-265394
-101948
-18994
-470120
-248190
-1106890
-20022
-283910
-702368
-331720
-130236
-299878
-874972
-497502
-798656
-638470
-471586
-529554
-579532
-511702
-626322
-557236
-436902
-2522332
-3592028
-4032134
-10990
-1225958
-24015206
-603686
-1817586
-22994
-3398394
-1533124
-183650
-1144960
-369496
-94576
-623266
-2871110
-489948
-79996
-319584
-57026
-145018
-105986
-613984
-1819580
-173084
-12134376
-158118
-209058
-701306
-911146
-450526
-713344
-7661092
-10144
-242996
-59950
-814446
-1024794
-119438
-745400
-391538
-198856
-922948
-1037742
-1339652
-616314
-2168882
-556452
-21174454
-617672
-16074
-264456
-639652
-317192
-1048606
-855256
-12804
-1073846
-369402
-634718
-7354342
-364782
-1577044
-492178
-685622
-206226
-82656
-272434
-547472
-83808
-124102
-1359528
-3178932
-246204
-9464
-881280
-420770
-1040604
-3174774
-3654604
-657308
-1517604
-748988
-1024252
-543238
-516152
-652580
-18383296
-3846988
-488070
-759444
-5624634
-970360
-713470
-575732
-969634
-443410
-973152
-124592
-654550
-328840
-685210
-565438
-490760
-150468
-6062732
-9008
-1186176
-487088
-1361982
-543958
-1592080
-778430
-864880
-315266
-397362
-400492
-266182
-3401846
-930396
-19147346
-306004
-1009150
-632282
-223410
-668110
-551826
-518870
-353882
-388078
-139426
-396686
-304984
-373778
-593846
-474306
-92092
-490466
-198584
-8668
-33028
-199632
-368338
-370170
-5146004
-1725396
-251592
-587978
