-0.1
-3.0.090929
-1.6
-1.0
-1.0
-1.0
-1.2
-1.2.1
-1.0
-1.1
-1.0.0
-1.5
-1.1
-1.1-1
-3.0-1
-1.0
-3.1.2
-1.1
-2.1.3
-1.1
-1.0-1
-1.1-1
-1.5
-1.2
-1.5
-1.3.2
-1.0
-1.0.2
-1.2
-1.0.2
-1.4
-1.3.1
-1.5.4
-6.1.1
-1.1
-5.3.1
-5.3
-1.0.2
-1.0
-1.3.2
-1.0
-1.0
-4.0
-1.3
-2.7
-1.0
-1.0
-1.0.1
-2.7
-1.5
-1.0-2
-1.0
-1.0
-1.0
-1.0
-1.0
-3.0
-2.0
-1.1
-1.0-1
-1.0-1
-2.0.0.1
-1.2.1.0
-1.2.0.1
-4.0.2.13
-3.1.3.8
-1.5.0.6
-1.1.0.1
-1.5.0.6
-1.3.0.12
-4.0.0.1
-1.3.6.0
-1.0.0.1
-1.1.5.2-1
-1.0.0.3
-1.5.1.0
-1.1.5.0
-2.5.0.1
-1.0.0
-0.1
-1.01
-1.0
-1.0
-1.0
-1.0
-1.0
-1.0.7
-1.0
-1.0
-1.2.4
-1.0
-1.0
-1.0
-1.0
-4.3
-.27
-0.8
-2.1
-1.0
-1.0
-1.1-1
-2.7.15
-2.3
-3.1
-3.1.1
-3.0
-2.0
-3.1
-1.5.0.5
-0.2.2
-2.0
-2.1
-2.0
-1.1
-1.0
-2.1.1
-1.0
-1.4
-2.1
-1.0-1
-1.1
-1.0.4
-1.0
-1.0
-1.1
-1.0
-1.0
-1.2
-1.5
-4.6.3
-1.3.2-1
-1.0-49
-1.0-4
-1.4
-1.5
-1.0
-1.0.1
-1.1
-1.0
-1.0
-1.0
-1.0
-1.0
-1.0
-1.0
-1.0
-1.0
-1.0
-1.0
-1.0
-1.0
-1.0
-1.0
-1.0
-1.0
-1.0
-1.0
-1.0
-1.0
-1.0
-1.0
-1.0
-1.2
-0.96-2
-1.3
-4.0.3
-1.1
-2.7
-0.2.1
-2.2
-3.0
-2.1
-1.1
-1.0
-1.0.4.0
-1.5
-1.2
-1.1
-1.2
-1.0-2
-1.0-2
-1.0-2
-1.0
-1.0
-1.6.0
-1.3.6-3
-1.1.1
-3.1.1
-2.1
-1.2
-1.0.4-1
-1.0
-1.0
-1.0
-3.0.6.1
-1.0
-1.0
-0.60-1
-0.1
-1.0
-3.0.1.1
-1.10
-1.0
-1.0
-1.0
-1.0
-1.0
-1.0
-1.1
-0.3
-0.4.2
-0.45.alfa
-1.0
-1.0
-5.0
-1.0
-3.1
-1.0-1-1
-1.0
-1.1
-1.0-2
-2.5-2
-1.0
-1.2
-1.2-1
-1.0-1
-1.1-1
-1.4-5
-1.0
-1.0
-16669.2009.18.01
-1.05
-1.0.1
-1.0
-2.0
-1.4.0
-0.1
-3.0
-1.0.0
-1.1
-3.0
-1.1.3
-2.1
-2.0
-1.0
-1.0
-1.0
-2.02
-1.3.2
-1.00
-2.1
-1.0-1
-1.2
-1.1.2
-1.0
-1.81.109
-2.0
-2.0
-1.0
-1.0
-1.0
-5.2
-1.0
-3.1
-1.0
-1.0.4
-1.1.2-1
-1.0
-5.2.1
-4.1
-1.0
-1.0
-4.0.0
-1.20
-1.1
-1.20
-1.0
-1.0
-1.1
-1.0-1
-1.0.1
-1.0.1
-1.0.1
-1.0
-0.9.1
-1.1
-0.9.1
-1.0
-1.0.2
-1.0
-1.0
-1.0
-1.0
-1.2
-1.1
-1.0
-1.1
-1.0
-2.4
-1.1.3
-3.6.0-1
-3.3.2
-1.1
-1.1
-1.3
-1.0
-1.0
-1.0
-1.00
-1.0
-1.0
-1.0
-1.0
-1.0
-1.0
-1.0
-1.0
-1.0
-1.0
-1.0
-1.0
-1.0
-1.0
-1.0
-1.0
-1.0
-1.0
-1.0
-1.0
-1.0
-1.0
-1.0
-1.0
-1.0
-1.0
-1.0
-1.0
-1.0
-1.0
-1.0
-1.0
-1.0
-1.0
-1.0
-1.0
-1.0
-1.0
-1.0
-1.0
-1.0
-1.0
-1.0
-1.0
-1.0
-1.0
-1.0
-1.0
-1.0
-1.0
-1.0
-1.0
-1.0
-1.0
-1.0
-1.0
-1.0
-1.0
-1.0
-1.0
-1.0
-1.0
-1.0
-1.0
-1.0
-1.0
-1.0
-1.0
-1.0
-1.0
-1.0
-1.0
-1.0
-1.0
-1.0
-1.0
-1.0
-1.0
-1.0
-1.0
-1.0
-1.0
-1.0
-1.0
-1.0
-1.0
-1.0
-1.0
-1.0
-1.0
-1.0
-1.0
-1.0
-1.0
-1.0
-1.0
-1.0
-1.0
-1.0
-1.0
-1.0
-1.0
-1.0
-1.0
-1.0
-1.0
-1.0
-1.0
-1.0
-1.0
-1.0
-1.0
-1.0
-1.0
-1.0
-1.0
-1.0
-1.0.1
-4.0
-2.6
-2.5.3
-3.0
-3.0
-3.0
-1.0
-3.0
-3.0
-3.0
-1.0
-1.0
-1.0
-1.5
-0.2.2
-1.0
-1.1
-1.2
-1.0.8
-1.1.0
-4.9.1
-4.10.3
-1.1.2
-1.0
-1.2
-1.2
-1.0.1
-1.1.4
-1.0.1
-1.0.1
-4.1
-1.0
-1.0
-1.0
-2.1
-1.0
-1.0
-1.0
-1.0
-1.0
-2.0
-1.0
-1.0
-2.0
-1.0
-1.0
-1.0
-2.1
-1.0
-2.0
-1.0
-1.0
-1.0
-1.0
-2.0
-2.0
-1.0
-1.1
-1.0
-2.0
-2.0
-1.0
-1.0
-1.0
-1.0
-1.0
-1.0
-1.0
-1.0
-1.0
-1.2
-1.0
-1.0
-1.1
-2.0
-1.0
-1.0
-1.0
-1.0
-2.0
-1.0
-1.2
-2.0
-1.0
-1.0
-1.0
-1.0
-1.2
-1.0
-1.0
-1.0
-2.0
-1.0
-1.0
-2.1
-1.2
-1.0
-1.0
-1.0
-1.0
-1.0
-1.1
-1.2
-1.0
-1.0
-1.0
-1.0
-1.2
-1.2
-1.0
-1.2
-1.3
-1.0
-1.0
-1.0
-1.0
-1.0
-1.2
-1.0
-1.0
-1.0
-1.1
-1.0
-1.0
-1.5
-1.0
-1.1
-1.0
-1.9
-1.1
-1.1
-1.0
-1.0
-1.0
-1.0
-1.0
-1.0
-1.0
-1.0
-1.0
-1.0
-1.0
-1.0
-1.0
-1.0
-1.0
-1.0
-1.0
-1.0
-1.0
-1.0
-1.0
-1.0
-1.0
-1.2
-1.0
-1.0
-1.0
-1.0
-1.0
-1.0
-1.0
-1.1
-1.0
-1.1
-1.4
-1.0
-1.0
-1.0
-1.0
-1.0
-1.1
-1.0
-1.0
-1.0
-1.0
-1.0
-1.1
-1.0
-1.0
-1.0
-1.1
-1.0
-1.0
-1.0
-1.0
-1.0
-2.0
-1.0
-1.1
-1.0
-1.0
-1.0
-1.0
-1.0
-1.0
-1.1
-1.0
-1.2
-1.0
-1.0
-2.0
-1.0
-1.0
-1.0
-1.3
-1.0
-1.0
-1.0
-1.0
-1.0
-1.0
-1.0
-1.0
-1.0
-1.0
-1.0
-1.0
-1.0
-1.0
-1.1
-1.0
-1.0
-1.0
-1.0
-1.0
-1.0
-1.0
-1.0
-4.0
-1.0
-1.0
-1.0
-1.0
-1.0
-1.0
-1.1
-1.0
-1.0
-1.0
-1.0
-1.0
-1.0
-1.0
-1.0
-1.0
-1.0
-1.0
-1.0
-1.0
-1.3
-1.0
-1.0
-1.0
-1.0
-1.0
-1.0
-1.0
-1.1
-1.0
-1.0
-1.0
-1.0
-1.0
-1.0
-1.0
-1.0
-1.0
-1.0
-1.0
-1.0
-1.0
-1.0
-1.0
-1.0
-1.0
-1.1
-1.0
-1.1
-1.0
-1.0
-1.0
-1.0
-1.0
-1.0
-1.0
-1.0
-1.1
-1.0
-1.1
-1.0
-1.0
-1.0
-1.2
-1.0
-1.0
-1.0
-1.0
-1.0
-1.0
-1.0
-1.0
-1.0
-1.0
-1.0
-1.0
-1.0
-1.0
-1.0
-1.0
-1.0
-1.0
-1.1
-1.0
-1.0
-1.0
-1.1
-1.0
-1.0
-1.0
-1.0
-1.0
-1.0
-1.0
-1.0
-1.0
-1.0
-1.0
-1.0
-1.0
-1.0
-1.0
-1.0
-1.0
-1.0
-1.0
-1.0
-1.0
-1.0
-1.5
-4.0
-4.0
-1.0
-1.0
-1.0
-1.0
-1.0
-1.0
-1.0
-1.0
-1.0
-1.0
-1.0
-1.1
-1.0
-1.0
-1.0
-1.0
-1.0
-1.0
-1.0
-1.1
-1.1
-1.0
-1.0
-1.0
-1.0
-1.0
-1.0
-1.0
-1.0
-1.0
-1.0
-1.0
-1.0
-1.0
-1.0
-1.0
-1.0
-1.0
-1.1
-1.0
-1.0
-1.0
-1.0
-1.0
-1.0
-1.0
-1.0
-1.0
-1.1
-1.0
-1.0
-1.0
-1.0
-1.0
-1.0
-1.0
-1.0
-1.0
-1.0
-1.0
-1.0
-1.0
-1.0
-1.0
-1.0
-1.0
-1.0
-1.0
-1.0
-1.0
-1.0
-1.0
-1.0
-1.0
-1.0
-1.0
-1.0
-1.0
-1.0
-1.0
-1.0
-1.0
-1.0
-1.0
-1.0
-1.0
-1.0
-1.0
-1.0
-1.0
-1.0
-1.0
-1.0
-1.1
-1.0
-1.0
-1.0
-1.0
-1.0
-1.0
-1.0
-1.0
-1.0
-1.0
-1.1
-1.0
-1.0
-1.0
-1.0
-1.1
-1.0
-1.0
-1.0
-1.0
-1.0
-1.0
-1.0
-1.0
-1.0
-1.0
-1.0
-1.0
-1.0
-1.0
-1.0
-1.0
-1.0
-1.0
-1.0
-1.0
-1.0
-1.0
-1.0
-1.0
-1.0
-1.0
-1.0
-1.0
-1.0
-1.0
-1.0
-1.0
-1.0
-1.0
-1.0
-1.0
-1.0
-1.0
-1.1
-1.0
-1.0
-1.0
-1.0
-1.0
-1.0
-1.0
-1.0
-1.0
-1.0
-1.0
-1.0
-1.0
-1.0
-1.0
-1.0
-1.0
-1.0
-1.0
-1.0
-1.0
-1.0
-1.0
-2.0
-1.0
-1.0
-1.0
-1.0
-1.0
-1.0
-1.0
-1.0
-1.0
-3.0
-1.0
-1.0
-1.0
-1.0
-1.0
-1.0
-3.0
-1.5
-1.0
-1.0
-1.0
-1.0
-1.0
-1.0
-1.0
-1.0
-1.0
-1.0
-1.0
-1.0
-1.0
-1.0
-1.0
-2.0
-1.0
-1.0
-1.0
-1.0
-1.0
-1.0
-1.0
-1.0
-1.0
-1.0
-1.0
-1.0
-1.0
-1.0
-1.0
-1.0
-1.0
-1.0
-1.0
-1.0
-1.0
-1.0
-1.0
-1.0
-1.0
-1.0
-1.0
-1.0
-1.0
-1.0
-1.0
-1.1
-1.0
-1.0
-1.0
-1.0
-1.0
-1.0
-1.0
-1.0
-1.0
-1.0
-1.0
-1.0
-1.0
-1.0
-1.0
-1.0
-1.0
-1.0
-1.0
-1.0
-1.0
-1.0
-1.0
-1.0
-1.0
-1.0
-1.0
-1.0
-1.0
-1.0
-1.0
-1.1
-1.0
-1.0
-4.0
-1.0
-1.0
-1.0
-1.0
-1.0
-1.0
-1.0
-1.0
-1.0
-1.0
-1.0
-1.0
-1.0
-1.0
-1.0
-1.0
-4.0
-1.0
-1.0
-2.0
-1.0
-1.0
-1.0
-1.1
-1.0
-1.0
-1.0
-1.0
-1.0
-1.0
-1.0
-1.0
-1.0
-1.0
-1.0
-1.0
-1.0
-1.0
-1.0
-1.0
-1.0
-1.0
-1.1
-1.0
-1.0
-1.0
-1.0
-1.0
-1.0
-1.0
-1.0
-1.0
-1.2
-1.0
-1.0
-1.0
-1.0
-1.0
-1.0
-1.1
-1.0
-1.0
-1.0
-1.0
-1.0
-1.0
-1.0
-1.0
-1.0
-1.0
-1.4
-1.0
-1.0
-1.0
-1.0
-1.0
-1.0
-1.0
-1.0
-1.0
-1.0
-1.0
-1.0
-1.0
-1.0
-1.1
-1.0
-1.0
-1.0
